# Tetrahedron method
       -3.9177761395        0.0000000000
       -3.6827096922        0.0000000000
       -3.4476432449        0.0000000000
       -3.2125767975        0.0000000000
       -2.9775103502        0.0000000000
       -2.7424439029        0.0000000000
       -2.5073774556        0.0000000000
       -2.2723110082        0.0000000000
       -2.0372445609        0.0000000000
       -1.8021781136        0.0000000000
       -1.5671116663        0.0000000000
       -1.3320452189        0.0000000000
       -1.0969787716        0.0000000000
       -0.8619123243        0.0000000000
       -0.6268458770        0.0000000000
       -0.3917794296        0.0000000000
       -0.1567129823        0.0000000000
        0.0783534650        0.0000008328
        0.3134199123        0.0000133254
        0.5484863596        0.0000408090
        0.7835528070        0.0000832836
        1.0186192543        0.0001407493
        1.2536857016        0.0002950044
        1.4887521489        0.0004387309
        1.7238185963        0.0005756128
        1.9588850436        0.0007835881
        2.1939514909        0.0010198392
        2.4290179382        0.0012469668
        2.6640843856        0.0014776595
        2.8991508329        0.0017673500
        3.1342172802        0.0020864704
        3.3692837275        0.0024435675
        3.6043501749        0.0028113018
        3.8394166222        0.0032056167
        4.0744830695        0.0036089739
        4.3095495168        0.0040415687
        4.5446159641        0.0045527863
        4.7796824115        0.0050658603
        5.0147488588        0.0055944728
        5.2498153061        0.0061714644
        5.4848817534        0.0067812276
        5.7199482008        0.0073927150
        5.9550146481        0.0080400530
        6.1900810954        0.0087957001
        6.4251475427        0.0095466378
        6.6602139901        0.0103004457
        6.8952804374        0.0110927709
        7.1303468847        0.0119620534
        7.3654133320        0.0128711714
        7.6004797794        0.0137941481
        7.8355462267        0.0147896896
        8.0706126740        0.0158332816
        8.3056791213        0.0168802280
        8.5407455686        0.0179858192
        8.7758120160        0.0191965018
        9.0108784633        0.0204411086
        9.2459449106        0.0217195281
        9.4810113579        0.0230547299
        9.7160778053        0.0244776021
        9.9511442526        0.0259351325
       10.1862106999        0.0275101749
       10.4212771472        0.0291118366
       10.6563435946        0.0308512350
       10.8914100419        0.0326093927
       11.1264764892        0.0344409259
       11.3615429365        0.0364583892
       11.5966093839        0.0385702707
       11.8316758312        0.0407179504
       12.0667422785        0.0430039700
       12.3018087258        0.0454591797
       12.5368751731        0.0480436384
       12.7719416205        0.0507463909
       13.0070080678        0.0536983762
       13.2420745151        0.0567728398
       13.4771409624        0.0600558881
       13.7122074098        0.0635943145
       13.9472738571        0.0674378482
       14.1823403044        0.0715655652
       14.4174067517        0.0760434608
       14.6524731991        0.0809483659
       14.8875396464        0.0862253252
       15.1226060937        0.0925388817
       15.3576725410        0.0992958323
       15.5927389884        0.1076357219
       15.8278054357        0.1178805640
       16.0628718830        0.1328772471
       16.2979383303        0.1514280496
       16.5330047776        0.1535634710
       16.7680712250        0.1553745923
       17.0031376723        0.1570710623
       17.2382041196        0.1585747358
       17.4732705669        0.1605833571
       17.7083370143        0.1621524031
       17.9434034616        0.1636348604
       18.1784699089        0.1654163859
       18.4135363562        0.1668302551
       18.6486028036        0.1686637487
       18.8836692509        0.1700502709
       19.1187356982        0.1717153067
       19.3538021455        0.1731041654
       19.5888685929        0.1749224648
       19.8239350402        0.1761621759
       20.0590014875        0.1778460810
       20.2940679348        0.1794041023
       20.5291343821        0.1810002301
       20.7642008295        0.1824447679
       20.9992672768        0.1839076859
       21.2343337241        0.1856953831
       21.4694001714        0.1871350099
       21.7044666188        0.1887633292
       21.9395330661        0.1902737158
       22.1745995134        0.1920974210
       22.4096659607        0.1940260730
       22.6447324081        0.1957706490
       22.8797988554        0.1979561523
       23.1148653027        0.1998112998
       23.3499317500        0.1819872992
       23.5849981974        0.1676501657
       23.8200646447        0.1588980029
       24.0551310920        0.1520535734
       24.2901975393        0.1471404531
       24.5252639866        0.1429225200
       24.7603304340        0.1414235293
       24.9953968813        0.1363440406
       25.2304633286        0.1350092717
       25.4655297759        0.1329717475
       25.7005962233        0.1317671880
       25.9356626706        0.1305807905
       26.1707291179        0.1305887518
       26.4057955652        0.1301958557
       26.6408620126        0.1306775420
       26.8759284599        0.1326596854
       27.1109949072        0.1354996537
       27.3460613545        0.1385490343
       27.5811278019        0.1414625362
       27.8161942492        0.1441648404
       28.0512606965        0.1471888274
       28.2863271438        0.1371481764
       28.5213935911        0.1337258550
       28.7564600385        0.1349565405
       28.9915264858        0.1371627350
       29.2265929331        0.1438508947
       29.4616593804        0.1527069880
       29.6967258278        0.1626577977
       29.9317922751        0.1899649720
       30.1668587224        0.2698575608
       30.4019251697        0.2473412822
       30.6369916171        0.2429312188
       30.8720580644        0.3170977466
       31.1071245117        0.2322464736
       31.3421909590        0.1943477574
       31.5772574064        0.1953898051
       31.8123238537        0.1744913231
       32.0473903010        0.1573915264
       32.2824567483        0.1401622749
       32.5175231956        0.1461386719
       32.7525896430        0.1684209298
       32.9876560903        0.1982914895
       33.2227225376        0.2404747428
       33.4577889849        0.3150191706
       33.6928554323        0.3590866215
       33.9279218796        0.4016092996
       34.1629883269        0.4554857679
       34.3980547742        0.4276458517
       34.6331212216        0.4247519389
       34.8681876689        0.4455563237
       35.1032541162        0.4849901624
       35.3383205635        0.5429046787
       35.5733870109        0.6140097046
       35.8084534582        0.7452091336
       36.0435199055        1.0681099826
       36.2785863528        1.0536902537
       36.5136528001        0.7053193351
       36.7487192475        0.4560811314
       36.9837856948        0.3912565280
       37.2188521421        0.3491380131
       37.4539185894        0.3185854000
       37.6889850368        0.2938905775
       37.9240514841        0.2730980565
       38.1591179314        0.2563877277
       38.3941843787        0.2415730429
       38.6292508261        0.2300876396
       38.8643172734        0.3473754635
       39.0993837207        0.0928250133
       39.3344501680        0.0000000000
       39.5695166154        0.0000000000
       39.8045830627        0.0000000000
       40.0396495100        0.0000000000
       40.2747159573        0.0000000000
       40.5097824046        0.0000000000
       40.7448488520        0.0000000000
       40.9799152993        0.0000000000
       41.2149817466        0.0000000000
       41.4500481939        0.0000000000
       41.6851146413        0.0000000000
       41.9201810886        0.0000000000
       42.1552475359        0.0000000000
       42.3903139832        0.0000000000
       42.6253804306        0.0000000000
       42.8604468779        0.0000000000
       43.0955133252        0.0000000000
