# Tetrahedron method
       -1.5538208534        0.0000000000
       -1.4605916046        0.0000000000
       -1.3673623559        0.0000000000
       -1.2741331072        0.0000000000
       -1.1809038584        0.0000000000
       -1.0876746097        0.0000000000
       -0.9944453610        0.0000000000
       -0.9012161122        0.0000000000
       -0.8079868635        0.0000000000
       -0.7147576148        0.0000000000
       -0.6215283661        0.0000000000
       -0.5282991173        0.0000000000
       -0.4350698686        0.0000000000
       -0.3418406199        0.0000000000
       -0.2486113711        0.0000000000
       -0.1553821224        0.0000000000
       -0.0621528737        0.0000000000
        0.0310763751        0.0000046155
        0.1243056238        0.0000738477
        0.2175348725        0.0002261585
        0.3107641213        0.0004615480
        0.4039933700        0.0007800162
        0.4972226187        0.0015911843
        0.5904518674        0.0025036551
        0.6836811162        0.0032731840
        0.7769103649        0.0041069908
        0.8701396136        0.0055479942
        0.9633688624        0.0070714617
        1.0565981111        0.0084247404
        1.1498273598        0.0098079363
        1.2430566086        0.0117657884
        1.3362858573        0.0138288490
        1.4295151060        0.0158608052
        1.5227443548        0.0179834756
        1.6159736035        0.0207227711
        1.7092028522        0.0234304471
        1.8024321009        0.0261588104
        1.8956613497        0.0289922979
        1.9888905984        0.0324797412
        2.0821198471        0.0360820736
        2.1753490959        0.0397039043
        2.2685783446        0.0436574700
        2.3618075933        0.0480283504
        2.4550368421        0.0525355615
        2.5482660908        0.0570496622
        2.6414953395        0.0624573466
        2.7347245882        0.0680753975
        2.8279538370        0.0738749163
        2.9211830857        0.0802231984
        3.0144123344        0.0869787134
        3.1076415832        0.0939907121
        3.2008708319        0.1017307084
        3.2941000806        0.1103493114
        3.3873293294        0.1190420873
        3.4805585781        0.1285820690
        3.5737878268        0.1392957338
        3.6670170756        0.1501598571
        3.7602463243        0.1618416489
        3.8534755730        0.1754393552
        3.9467048217        0.1892866215
        4.0399340705        0.2047337027
        4.1331633192        0.2211490879
        4.2263925679        0.2393886508
        4.3196218167        0.2593855558
        4.4128510654        0.2803588476
        4.5060803141        0.3061985094
        4.5993095629        0.3330734051
        4.6925388116        0.3642365224
        4.7857680603        0.4004370708
        4.8789973090        0.4416513345
        4.9722265578        0.4935988938
        5.0654558065        0.5577532813
        5.1586850552        0.6445611377
        5.2519143040        0.7940920310
        5.3451435527        0.9425754742
        5.4383728014        0.9592828968
        5.5316020502        0.9704181234
        5.6248312989        0.9894994231
        5.7180605476        1.0099959565
        5.8112897964        1.0457368950
        5.9045190451        1.1943717823
        5.9977482938        0.8848223695
        6.0909775425        0.7465169848
        6.1842067913        0.6690454772
        6.2774360400        0.6166564070
        6.3706652887        0.5690159990
        6.4638945375        0.5349369117
        6.5571237862        0.5069802760
        6.6503530349        0.4773476089
        6.7435822837        0.4536867177
        6.8368115324        0.4354499519
        6.9300407811        0.4068378022
        7.0232700299        0.3932513261
        7.1164992786        0.3799338387
        7.2097285273        0.3638413176
        7.3029577760        0.3450362497
        7.3961870248        0.3164968083
        7.4894162735        0.2565619059
        7.5826455222        0.2219472637
        7.6758747710        0.2091141744
        7.7691040197        0.2175807953
        7.8623332684        0.3139898893
        7.9555625172        0.5065462305
        8.0487917659        0.7610241876
        8.1420210146        1.8377881444
        8.2352502633        2.0782323771
        8.3284795121        1.3980370174
        8.4217087608        1.4698669888
        8.5149380095        1.7129347146
        8.6081672583        2.2260839922
        8.7013965070        3.2291749183
        8.7946257557        2.5356241359
        8.8878550045        1.8499416920
        8.9810842532        1.8022871350
        9.0743135019        1.2489882933
        9.1675427507        0.7018605686
        9.2607719994        0.6223720222
        9.3540012481        0.5769659652
        9.4472304968        0.5558095412
        9.5404597456        0.5603576651
        9.6336889943        0.6065705355
        9.7269182430        0.7735973635
        9.8201474918        0.5857137559
        9.9133767405        0.4615575858
       10.0066059892        0.3718032678
       10.0998352380        0.2800956819
       10.1930644867        0.2126297141
       10.2862937354        0.1545897330
       10.3795229841        0.1144134310
       10.4727522329        0.0871779989
       10.5659814816        0.0770292672
       10.6592107303        0.0762679344
       10.7524399791        0.0967884887
       10.8456692278        0.1206705979
       10.9388984765        0.1444501902
       11.0321277253        0.1678695405
       11.1253569740        0.1910028753
       11.2185862227        0.2111318279
       11.3118154715        0.2347488242
       11.4050447202        0.2353025393
       11.4982739689        0.2286794547
       11.5915032176        0.2316156068
       11.6847324664        0.2375312637
       11.7779617151        0.2445954096
       11.8711909638        0.2527238018
       11.9644202126        0.2619270198
       12.0576494613        0.2705586558
       12.1508787100        0.2778953926
       12.2441079588        0.2820245202
       12.3373372075        0.2808490099
       12.4305664562        0.2768009146
       12.5237957049        0.2724757728
       12.6170249537        0.2672848782
       12.7102542024        0.2628705482
       12.8034834511        0.2584965862
       12.8967126999        0.2545023967
       12.9899419486        0.2509071373
       13.0831711973        0.2470360371
       13.1764004461        0.2442688899
       13.2696296948        0.2404882708
       13.3628589435        0.2378281188
       13.4560881923        0.2355197469
       13.5493174410        0.2319249437
       13.6425466897        0.2302881896
       13.7357759384        0.2127677660
       13.8290051872        0.1918582448
       13.9222344359        0.1776241210
       14.0154636846        0.1679423513
       14.1086929334        0.1593179712
       14.2019221821        0.1521074499
       14.2951514308        0.1463347805
       14.3883806796        0.1414241916
       14.4816099283        0.1375244426
       14.5748391770        0.1353285616
       14.6680684258        0.1347067609
       14.7612976745        0.1354067074
       14.8545269232        0.1378515105
       14.9477561719        0.1451251581
       15.0409854207        0.1672048940
       15.1342146694        0.1759134519
       15.2274439181        0.1747928321
       15.3206731669        0.1697187406
       15.4139024156        0.1789106648
       15.5071316643        0.0432031470
       15.6003609131        0.0000000000
       15.6935901618        0.0000000000
       15.7868194105        0.0000000000
       15.8800486592        0.0000000000
       15.9732779080        0.0000000000
       16.0665071567        0.0000000000
       16.1597364054        0.0000000000
       16.2529656542        0.0000000000
       16.3461949029        0.0000000000
       16.4394241516        0.0000000000
       16.5326534004        0.0000000000
       16.6258826491        0.0000000000
       16.7191118978        0.0000000000
       16.8123411466        0.0000000000
       16.9055703953        0.0000000000
       16.9987996440        0.0000000000
       17.0920288927        0.0000000000
