# Tetrahedron method
       -5.8504650350        0.0000000000
       -5.5008612401        0.0000000000
       -5.1512574451        0.0000000000
       -4.8016536502        0.0000000000
       -4.4520498553        0.0000000000
       -4.1024460603        0.0000000000
       -3.7528422654        0.0000000000
       -3.4032384704        0.0000000000
       -3.0536346755        0.0000000000
       -2.7040308806        0.0000000000
       -2.3544270856        0.0000000000
       -2.0048232907        0.0000000000
       -1.6552194957        0.0000000000
       -1.3056157008        0.0000000000
       -0.9560119059        0.0000000000
       -0.6064081109        0.0000000000
       -0.2568043160        0.0000000000
        0.0927994790        0.5571447339
        0.4424032739        0.6564612019
        0.7920070689        0.6309901731
        1.1416108638        0.6132976386
        1.4912146587        0.5952155976
        1.8408184537        0.5761417294
        2.1904222486        0.5565727283
        2.5400260436        0.5371596686
        2.8896298385        0.5184771509
        3.2392336334        0.5184771531
        3.5888374284        0.5009646981
        3.9384412233        0.4835651342
        4.2880450183        0.4691949065
        4.6376488132        0.4566001072
        4.9872526081        0.4566001072
        5.3368564031        0.4458313440
        5.6864601980        0.4369044186
        6.0360639930        0.4298183815
        6.3856677879        0.4298183815
        6.7352715828        0.4245694993
        7.0848753778        0.4211620976
        7.4344791727        0.4214120086
        7.7840829677        0.4198672384
        8.1336867626        0.4211894823
        8.4832905575        0.4211894894
        8.8328943525        0.4235497395
        9.1824981474        0.4270344720
        9.5321019424        0.4337621676
        9.8817057373        0.4337621676
       10.2313095322        0.4429971193
       10.5809133272        0.4550559125
       10.9305171221        0.4550559125
       11.2801209171        0.4707498492
       11.6297247120        0.4898806447
       11.9793285070        0.5136101526
       12.3289323019        0.5430041386
       12.6785360968        0.5795533117
       13.0281398918        0.6253946756
       13.3777436867        0.6836894700
       13.7273474817        0.7593038374
       14.0769512766        0.8601182910
       14.4265550715        1.3064180329
       14.7761588665        2.9606947024
       15.1257626614        0.0287187478
       15.4753664564        0.0287187478
       15.8249702513        0.0287187478
       16.1745740462        0.0287187478
       16.5241778412        0.0287187478
       16.8737816361        0.0287187478
       17.2233854311        0.0287187478
       17.5729892260        0.0287187478
       17.9225930209        0.0287187478
       18.2721968159        0.0291785901
       18.6218006108        0.0291785901
       18.9714044058        0.0291785901
       19.3210082007        0.0291785901
       19.6706119956        0.0291785901
       20.0202157906        0.0291785901
       20.3698195855        0.0291785901
       20.7194233805        0.0291785901
       21.0690271754        0.0291785901
       21.4186309703        0.0291785901
       21.7682347653        0.0300135443
       22.1178385602        0.0300135443
       22.4674423552        0.0300135443
       22.8170461501        0.0300135443
       23.1666499450        0.0300135443
       23.5162537400        0.0300135443
       23.8658575349        0.0300135443
       24.2154613299        0.0300135443
       24.5650651248        0.0300135443
       24.9146689198        0.0310324930
       25.2642727147        0.0310324930
       25.6138765096        0.0310324930
       25.9634803046        0.0310324930
       26.3130840995        0.0310324930
       26.6626878945        0.0310324930
       27.0122916894        0.0310324930
       27.3618954843        0.0310324930
       27.7114992793        0.0310324930
       28.0611030742        0.0322601431
       28.4107068692        0.0322601431
       28.7603106641        0.0322601431
       29.1099144590        0.0322601431
       29.4595182540        0.0322601431
       29.8091220489        0.0322601431
       30.1587258439        0.0322601431
       30.5083296388        0.0322601431
       30.8579334337        0.0322601431
       31.2075372287        0.0337281698
       31.5571410236        0.0337281698
       31.9067448186        0.0337281698
       32.2563486135        0.0337281698
       32.6059524084        0.0337281698
       32.9555562034        0.0337281698
       33.3051599983        0.0337281698
       33.6547637933        0.0337281698
       34.0043675882        0.0337281698
       34.3539713831        0.0354772161
       34.7035751781        0.0354772161
       35.0531789730        0.0354772161
       35.4027827680        0.0354772161
       35.7523865629        0.0354772161
       36.1019903578        0.0354772161
       36.4515941528        0.0354772161
       36.8011979477        0.0354772161
       37.1508017427        0.0375597016
       37.5004055376        0.0375597016
       37.8500093326        0.0375597016
       38.1996131275        0.0375597016
       38.5492169224        0.0375597016
       38.8988207174        0.0375597016
       39.2484245123        0.0375597016
       39.5980283073        0.0400438137
       39.9476321022        0.0400438137
       40.2972358971        0.0400438137
       40.6468396921        0.0400438137
       40.9964434870        0.0400438137
       41.3460472820        0.0400438137
       41.6956510769        0.0400438137
       42.0452548718        0.0400438137
       42.3948586668        0.0430192806
       42.7444624617        0.0430192806
       43.0940662567        0.0430192806
       43.4436700516        0.0430192806
       43.7932738465        0.0430192806
       44.1428776415        0.0430192806
       44.4924814364        0.0466059014
       44.8420852314        0.0466059014
       45.1916890263        0.0466059014
       45.5412928212        0.0466059014
       45.8908966162        0.0466059014
       46.2405004111        0.0466059014
       46.5901042061        0.0509664678
       46.9397080010        0.0509664678
       47.2893117959        0.0509664678
       47.6389155909        0.0509664678
       47.9885193858        0.0509664678
       48.3381231808        0.0509664678
       48.6877269757        0.0563269150
       49.0373307707        0.0563269150
       49.3869345656        0.0563269150
       49.7365383605        0.0563269150
       50.0861421555        0.0563269150
       50.4357459504        0.0630088451
       50.7853497454        0.0630088451
       51.1349535403        0.0630088451
       51.4845573352        0.0630088451
       51.8341611302        0.0630088451
       52.1837649251        0.0714841873
       52.5333687201        0.0714841873
       52.8829725150        0.0714841873
       53.2325763099        0.0714841873
       53.5821801049        0.0824827755
       53.9317838998        0.0824827754
       54.2813876948        0.0824827753
       54.6309914897        0.0971328539
       54.9805952846        0.0971328540
       55.3301990796        0.0971328542
       55.6798028745        0.1173598871
       56.0294066695        0.7191562140
       56.3790104644        0.5261465721
       56.7286142593        0.4884391153
       57.0782180543        0.5193657868
       57.4278218492        0.5237186538
       57.7774256442        0.6900712916
       58.1270294391        0.9934792053
       58.4766332340        0.0000000000
       58.8262370290        0.0000000000
       59.1758408239        0.0000000000
       59.5254446189        0.0000000000
       59.8750484138        0.0000000000
       60.2246522087        0.0000000000
       60.5742560037        0.0000000000
       60.9238597986        0.0000000000
       61.2734635936        0.0000000000
       61.6230673885        0.0000000000
       61.9726711835        0.0000000000
       62.3222749784        0.0000000000
       62.6718787733        0.0000000000
       63.0214825683        0.0000000000
       63.3710863632        0.0000000000
       63.7206901582        0.0000000000
       64.0702939531        0.0000000000
