# Tetrahedron method
       -3.2538090855        0.0000000000
       -3.0585806132        0.0000000000
       -2.8633521410        0.0000000000
       -2.6681236687        0.0000000000
       -2.4728951965        0.0000000000
       -2.2776667242        0.0000000000
       -2.0824382520        0.0000000000
       -1.8872097797        0.0000000000
       -1.6919813075        0.0000000000
       -1.4967528352        0.0000000000
       -1.3015243630        0.0000000000
       -1.1062958907        0.0000000000
       -0.9110674185        0.0000000000
       -0.7158389462        0.0000000000
       -0.5206104740        0.0000000000
       -0.3253820017        0.0000000000
       -0.1301535295        0.0000000000
        0.0650749428        0.0000039114
        0.2603034150        0.0000625821
        0.4555318873        0.0001916577
        0.6507603595        0.0003911382
        0.8459888318        0.0009839513
        1.0412173040        0.0014621421
        1.2364457763        0.0022353052
        1.4316742485        0.0030553374
        1.6269027208        0.0039726432
        1.8221311930        0.0050174871
        2.0173596652        0.0063638900
        2.2125881375        0.0078486397
        2.4078166097        0.0092899513
        2.6030450820        0.0111890791
        2.7982735542        0.0132466686
        2.9935020265        0.0155179258
        3.1887304987        0.0181205958
        3.3839589710        0.0208199927
        3.5791874432        0.0241102368
        3.7744159155        0.0276942544
        3.9696443877        0.0316135405
        4.1648728600        0.0360375316
        4.3601013322        0.0411946469
        4.5553298045        0.0467488322
        4.7505582767        0.0533237138
        4.9457867490        0.0602509131
        5.1410152212        0.0688530877
        5.3362436935        0.0781768615
        5.5314721657        0.0890610349
        5.7267006380        0.1013567556
        5.9219291102        0.1162989494
        6.1171575825        0.1327373777
        6.3123860547        0.1529114261
        6.5076145270        0.1767664106
        6.7028429992        0.2050334174
        6.8980714715        0.2401727389
        7.0932999437        0.2842543608
        7.2885284160        0.3424987604
        7.4837568882        0.4291970654
        7.6789853605        0.6219795570
        7.8742138327        0.6429666362
        8.0694423050        0.6638259273
        8.2646707772        0.6824162693
        8.4598992495        0.7002945764
        8.6551277217        0.7190021466
        8.8503561940        0.7395954631
        9.0455846662        0.5306348849
        9.2408131385        0.4570869443
        9.4360416107        0.4087384893
        9.6312700830        0.3729941593
        9.8264985552        0.3435423455
       10.0217270275        0.3111596906
       10.2169554997        0.3007097025
       10.4121839720        0.2836303652
       10.6074124442        0.2541751088
       10.8026409165        0.1853639446
       10.9978693887        0.1505258002
       11.1930978610        0.1915380573
       11.3883263332        0.4208852460
       11.5835548055        0.4216420146
       11.7787832777        0.3512393413
       11.9740117500        0.3366468173
       12.1692402222        0.3329992975
       12.3644686945        0.3293488221
       12.5596971667        0.2777256059
       12.7549256390        0.2284838416
       12.9501541112        0.1972485387
       13.1453825835        0.1728671749
       13.3406110557        0.1520876902
       13.5358395280        0.1334945498
       13.7310680002        0.1164843085
       13.9262964725        0.1003160187
       14.1215249447        0.0848230462
       14.3167534170        0.0697029626
       14.5119818892        0.0544076741
       14.7072103615        0.0384809523
       14.9024388337        0.0312263393
       15.0976673060        0.0208066723
       15.2928957782        0.0260004477
       15.4881242505        0.0307335364
       15.6833527227        0.0355686044
       15.8785811950        0.0401554666
       16.0738096672        0.0444863497
       16.2690381395        0.0492778640
       16.4642666117        0.0535911300
       16.6594950840        0.0585408442
       16.8547235562        0.0630660023
       17.0499520285        0.0682190638
       17.2451805007        0.0731795613
       17.4404089730        0.0786347729
       17.6356374452        0.0843093427
       17.8308659175        0.0901106470
       18.0260943897        0.0965143257
       18.2213228620        0.1031017140
       18.4165513342        0.1103573286
       18.6117798065        0.1182546292
       18.8070082787        0.1266704874
       19.0022367510        0.1361756785
       19.1974652232        0.1466851233
       19.3926936955        0.1586124472
       19.5879221677        0.1727350847
       19.7831506400        0.1899647624
       19.9783791122        0.2134086206
       20.1736075845        0.2670831414
       20.3688360567        0.2700984467
       20.5640645289        0.2713717414
       20.7592930012        0.2719576700
       20.9545214734        0.2735603734
       21.1497499457        0.2749586954
       21.3449784179        0.2761974800
       21.5402068902        0.2767875263
       21.7354353624        0.2782433288
       21.9306638347        0.2793989772
       22.1258923069        0.2797437371
       22.3211207792        0.2812641566
       22.5163492514        0.2817565936
       22.7115777237        0.2822569868
       22.9068061959        0.2832923344
       23.1020346682        0.2833396429
       23.2972631404        0.2839086958
       23.4924916127        0.2845866234
       23.6877200849        0.2840605803
       23.8829485572        0.2848384341
       24.0781770294        0.2437212986
       24.2734055017        0.2192348634
       24.4686339739        0.2021022739
       24.6638624462        0.1904039192
       24.8590909184        0.1776781553
       25.0543193907        0.1674224703
       25.2495478629        0.1599968939
       25.4447763352        0.1504962757
       25.6400048074        0.1432932852
       25.8352332797        0.1363293692
       26.0304617519        0.1263667445
       26.2256902242        0.1183450146
       26.4209186964        0.1103616132
       26.6161471687        0.1031704875
       26.8113756409        0.0887181709
       27.0066041132        0.0676433587
       27.2018325854        0.0551152232
       27.3970610577        0.0441788473
       27.5922895299        0.0381704797
       27.7875180022        0.0371739786
       27.9827464744        0.0376994610
       28.1779749467        0.0507952146
       28.3732034189        0.0702059217
       28.5684318912        0.0869999836
       28.7636603634        0.1041503718
       28.9588888357        0.1229330341
       29.1541173079        0.1433688156
       29.3493457802        0.1647437138
       29.5445742524        0.1896709712
       29.7398027247        0.2176784322
       29.9350311969        0.2507228339
       30.1302596692        0.2922378524
       30.3254881414        0.3079806377
       30.5207166137        0.3821597618
       30.7159450859        0.3827288815
       30.9111735582        0.3502871516
       31.1064020304        0.3459429776
       31.3016305027        0.3478941916
       31.4968589749        0.2518019820
       31.6920874472        0.2066163684
       31.8873159194        0.1739690613
       32.0825443917        0.1446719154
       32.2777728639        0.1123842161
       32.4730013362        0.0632983581
       32.6682298084        0.0000000000
       32.8634582807        0.0000000000
       33.0586867529        0.0000000000
       33.2539152252        0.0000000000
       33.4491436974        0.0000000000
       33.6443721697        0.0000000000
       33.8396006419        0.0000000000
       34.0348291142        0.0000000000
       34.2300575864        0.0000000000
       34.4252860587        0.0000000000
       34.6205145309        0.0000000000
       34.8157430032        0.0000000000
       35.0109714754        0.0000000000
       35.2061999477        0.0000000000
       35.4014284199        0.0000000000
       35.5966568922        0.0000000000
       35.7918853644        0.0000000000
