# Tetrahedron method
       -0.8717041190        0.0000000000
       -0.8194018802        0.0000000000
       -0.7670996414        0.0000000000
       -0.7147974026        0.0000000000
       -0.6624951638        0.0000000000
       -0.6101929250        0.0000000000
       -0.5578906862        0.0000000000
       -0.5055884474        0.0000000000
       -0.4532862086        0.0000000000
       -0.4009839698        0.0000000000
       -0.3486817310        0.0000000000
       -0.2963794922        0.0000000000
       -0.2440772534        0.0000000000
       -0.1917750146        0.0000000000
       -0.1394727758        0.0000000000
       -0.0871705370        0.0000000000
       -0.0348682982        0.0000000000
        0.0174339406        0.0001190145
        0.0697361794        0.0018021275
        0.1220384182        0.0052063184
        0.1743406570        0.0136185332
        0.2266428958        0.0266762236
        0.2789451346        0.0414431576
        0.3312473734        0.0597899208
        0.3835496122        0.0794913495
        0.4358518510        0.1028911551
        0.4881540898        0.1277278484
        0.5404563286        0.1574766015
        0.5927585674        0.1889937143
        0.6450608062        0.2248747998
        0.6973630450        0.2644740376
        0.7496652838        0.3085550126
        0.8019675226        0.3565415543
        0.8542697614        0.4117190226
        0.9065720002        0.4735315318
        0.9588742390        0.5418916626
        1.0111764778        0.6181909892
        1.0634787166        0.7301716384
        1.1157809554        0.8053107896
        1.1680831942        0.9311509099
        1.2203854330        1.0760392759
        1.2726876718        1.2367585685
        1.3249899106        1.4613283887
        1.3772921494        1.7456991151
        1.4295943882        2.0561807721
        1.4818966270        2.7468253730
        1.5341988658        3.2596819361
        1.5865011046        3.8447756207
        1.6388033433        5.2435085042
        1.6911055821        3.8918473814
        1.7434078209        4.6606583386
        1.7957100597        3.5594034439
        1.8480122985        3.4612771029
        1.9003145373        3.4140878938
        1.9526167761        3.4487977100
        2.0049190149        3.6183402690
        2.0572212537        3.4362058654
        2.1095234925        3.3608371198
        2.1618257313        3.4103364383
        2.2141279701        3.2017049543
        2.2664302089        3.1624772172
        2.3187324477        5.2575454149
        2.3710346865        2.0876048370
        2.4233369253        1.2380913786
        2.4756391641        0.2144558745
        2.5279414029        0.2263228676
        2.5802436417        0.2677847910
        2.6325458805        0.2653360972
        2.6848481193        0.2716452573
        2.7371503581        0.2782546635
        2.7894525969        0.2892524849
        2.8417548357        0.3806375550
        2.8940570745        0.3664348400
        2.9463593133        0.3911081326
        2.9986615521        0.4215290223
        3.0509637909        0.4506002259
        3.1032660297        0.4860328800
        3.1555682685        0.5289488192
        3.2078705073        0.5745752802
        3.2601727461        0.6235062424
        3.3124749849        0.6824146367
        3.3647772237        0.7577962597
        3.4170794625        0.8400563642
        3.4693817013        0.9360796260
        3.5216839401        1.0729782038
        3.5739861789        1.2411541880
        3.6262884177        1.4885487134
        3.6785906565        2.1339753560
        3.7308928953        2.1971991641
        3.7831951341        2.6796319288
        3.8354973729        2.1312127535
        3.8877996117        2.3926306760
        3.9401018505        3.4714793173
        3.9924040893        4.1402767894
        4.0447063281        3.7927630344
        4.0970085669        0.0000000000
        4.1493108057        0.0000000000
        4.2016130445        0.0000000000
        4.2539152833        0.0000000000
        4.3062175221        0.0000000000
        4.3585197609        0.0000000000
        4.4108219997        0.0000000000
        4.4631242385        0.0000000000
        4.5154264773        0.0000000000
        4.5677287161        0.0000000000
        4.6200309549        0.0000000000
        4.6723331937        0.0000000000
        4.7246354325        0.0000000000
        4.7769376713        0.0000000000
        4.8292399101        0.0000000000
        4.8815421489        0.0000000000
        4.9338443876        0.0000000000
        4.9861466264        0.0000000000
        5.0384488652        0.0000000000
        5.0907511040        0.0000000000
        5.1430533428        0.0000000000
        5.1953555816        0.0000000000
        5.2476578204        0.0000000000
        5.2999600592        0.0000000000
        5.3522622980        0.0000000000
        5.4045645368        0.0000000000
        5.4568667756        0.0000000000
        5.5091690144        0.0000000000
        5.5614712532        0.0000000000
        5.6137734920        0.0000000000
        5.6660757308        0.0000000000
        5.7183779696        0.0000000000
        5.7706802084        0.0000000000
        5.8229824472        0.0000000000
        5.8752846860        0.0000000000
        5.9275869248        0.0000000000
        5.9798891636        0.0000000000
        6.0321914024        0.0000000000
        6.0844936412        0.0000000000
        6.1367958800        0.0000000000
        6.1890981188        0.0000000000
        6.2414003576        0.0000000000
        6.2937025964        0.0000000000
        6.3460048352        0.0741122922
        6.3983070740        0.2149845683
        6.4506093128        0.3277036372
        6.5029115516        0.5070851870
        6.5552137904        1.0142046336
        6.6075160292        1.4529609089
        6.6598182680        1.9966512712
        6.7121205068        2.4872933002
        6.7644227456        3.1208412356
        6.8167249844        3.7932891439
        6.8690272232        4.7657729275
        6.9213294620        6.6124622319
        6.9736317008        6.1096193740
        7.0259339396        5.2544738748
        7.0782361784        4.5352502188
        7.1305384172        3.5159408392
        7.1828406560        3.5911016638
        7.2351428948        3.8399515353
        7.2874451336        4.1202466129
        7.3397473724        5.0399165027
        7.3920496112        4.2515034960
        7.4443518500        2.8114509691
        7.4966540888        2.7001928082
        7.5489563276        2.9507795558
        7.6012585664        1.3161526100
        7.6535608052        0.9881586740
        7.7058630440        0.5270840022
        7.7581652828        1.5173446757
        7.8104675216        2.4500758637
        7.8627697604        2.6365076579
        7.9150719992        2.8621170167
        7.9673742380        3.2039608740
        8.0196764768        2.9372316591
        8.0719787156        2.2154752771
        8.1242809544        2.2988081574
        8.1765831932        2.2817598970
        8.2288854320        2.3801844387
        8.2811876707        2.4749439587
        8.3334899095        2.0966680198
        8.3857921483        1.8395044573
        8.4380943871        1.4519427801
        8.4903966259        1.4067470514
        8.5426988647        1.3831913723
        8.5950011035        1.0790241020
        8.6473033423        0.6851664357
        8.6996055811        0.2729435046
        8.7519078199        0.0000000000
        8.8042100587        0.0000000000
        8.8565122975        0.0000000000
        8.9088145363        0.0000000000
        8.9611167751        0.0000000000
        9.0134190139        0.0000000000
        9.0657212527        0.0000000000
        9.1180234915        0.0000000000
        9.1703257303        0.0000000000
        9.2226279691        0.0000000000
        9.2749302079        0.0000000000
        9.3272324467        0.0000000000
        9.3795346855        0.0000000000
        9.4318369243        0.0000000000
        9.4841391631        0.0000000000
        9.5364414019        0.0000000000
        9.5887436407        0.0000000000
