# Tetrahedron method
       -0.8717023589        0.0000000000
       -0.8194002259        0.0000000000
       -0.7670980928        0.0000000000
       -0.7147959597        0.0000000000
       -0.6624938267        0.0000000000
       -0.6101916936        0.0000000000
       -0.5578895605        0.0000000000
       -0.5055874275        0.0000000000
       -0.4532852944        0.0000000000
       -0.4009831614        0.0000000000
       -0.3486810283        0.0000000000
       -0.2963788952        0.0000000000
       -0.2440767622        0.0000000000
       -0.1917746291        0.0000000000
       -0.1394724960        0.0000000000
       -0.0871703630        0.0000000000
       -0.0348682299        0.0000000000
        0.0174339031        0.0001190903
        0.0697360362        0.0018032304
        0.1220381693        0.0052093540
        0.1743403023        0.0136345751
        0.2266424354        0.0267018765
        0.2789445684        0.0414807929
        0.3312467015        0.0598253148
        0.3835488346        0.0795253269
        0.4358509676        0.1029282217
        0.4881531007        0.1277728652
        0.5404552338        0.1575209629
        0.5927573668        0.1890282104
        0.6450594999        0.2248975709
        0.6973616329        0.2644789336
        0.7496637660        0.3085416707
        0.8019658991        0.3565176997
        0.8542680321        0.4116655365
        0.9065701652        0.4734555452
        0.9588722983        0.5418044145
        1.0111744313        0.6180648741
        1.0634765644        0.7300471565
        1.1157786974        0.8050205327
        1.1680808305        0.9309698131
        1.2203829636        1.0757959155
        1.2726850966        1.2365230833
        1.3249872297        1.4610529511
        1.3772893628        1.7453193815
        1.4295914958        2.0557392997
        1.4818936289        2.7455883892
        1.5341957619        3.2595765719
        1.5864978950        3.8448252919
        1.6388000281        5.2435575802
        1.6911021611        3.8920582894
        1.7434042942        4.6613945526
        1.7957064273        3.5596384795
        1.8480085603        3.4610643642
        1.9003106934        3.4140078012
        1.9526128264        3.4488914777
        2.0049149595        3.6170939138
        2.0572170926        3.4361657244
        2.1095192256        3.3616359002
        2.1618213587        3.4097935647
        2.2141234918        3.2010386353
        2.2664256248        3.1578049566
        2.3187277579        5.1859427336
        2.3710298909        2.0883608101
        2.4233320240        1.2368046501
        2.4756341571        0.2144458845
        2.5279362901        0.2263171483
        2.5802384232        0.2677961898
        2.6325405563        0.2653531452
        2.6848426893        0.2716536365
        2.7371448224        0.2782614857
        2.7894469554        0.2892572690
        2.8417490885        0.3800612243
        2.8940512216        0.3664517240
        2.9463533546        0.3911262714
        2.9986554877        0.4215471894
        3.0509576207        0.4506167472
        3.1032597538        0.4860569998
        3.1555618869        0.5289744103
        3.2078640199        0.5746013502
        3.2601661530        0.6235354565
        3.3124682861        0.6824737741
        3.3647704191        0.7578298202
        3.4170725522        0.8400927165
        3.4693746852        0.9361043308
        3.5216768183        1.0730108492
        3.5739789514        1.2411339437
        3.6262810844        1.4887594332
        3.6785832175        2.1338574931
        3.7308853506        2.1985905031
        3.7831874836        2.6761466153
        3.8354896167        2.1315479793
        3.8877917497        2.3933054459
        3.9400938828        3.4740599581
        3.9923960159        4.1431725259
        4.0446981489        3.7904026021
        4.0970002820        0.0000000000
        4.1493024151        0.0000000000
        4.2016045481        0.0000000000
        4.2539066812        0.0000000000
        4.3062088142        0.0000000000
        4.3585109473        0.0000000000
        4.4108130804        0.0000000000
        4.4631152134        0.0000000000
        4.5154173465        0.0000000000
        4.5677194796        0.0000000000
        4.6200216126        0.0000000000
        4.6723237457        0.0000000000
        4.7246258787        0.0000000000
        4.7769280118        0.0000000000
        4.8292301449        0.0000000000
        4.8815322779        0.0000000000
        4.9338344110        0.0000000000
        4.9861365441        0.0000000000
        5.0384386771        0.0000000000
        5.0907408102        0.0000000000
        5.1430429432        0.0000000000
        5.1953450763        0.0000000000
        5.2476472094        0.0000000000
        5.2999493424        0.0000000000
        5.3522514755        0.0000000000
        5.4045536086        0.0000000000
        5.4568557416        0.0000000000
        5.5091578747        0.0000000000
        5.5614600077        0.0000000000
        5.6137621408        0.0000000000
        5.6660642739        0.0000000000
        5.7183664069        0.0000000000
        5.7706685400        0.0000000000
        5.8229706730        0.0000000000
        5.8752728061        0.0000000000
        5.9275749392        0.0000000000
        5.9798770722        0.0000000000
        6.0321792053        0.0000000000
        6.0844813384        0.0000000000
        6.1367834714        0.0000000000
        6.1890856045        0.0000000000
        6.2413877375        0.0000000000
        6.2936898706        0.0000000000
        6.3459920037        0.0743583644
        6.3982941367        0.2151294028
        6.4505962698        0.3277903335
        6.5028984029        0.5088631100
        6.5552005359        1.0141554512
        6.6075026690        1.4526179052
        6.6598048020        1.9962896627
        6.7121069351        2.4869027774
        6.7644090682        3.1205344092
        6.8167112012        3.7930388179
        6.8690133343        4.7654636298
        6.9213154674        6.6064085458
        6.9736176004        6.1094085553
        7.0259197335        5.2528567869
        7.0782218665        4.5355003148
        7.1305239996        3.5173325789
        7.1828261327        3.5910957788
        7.2351282657        3.8387298434
        7.2874303988        4.1183112834
        7.3397325319        5.0446170452
        7.3920346649        4.2533282289
        7.4443367980        2.8123599549
        7.4966389310        2.7011966165
        7.5489410641        2.9520571337
        7.6012431972        1.3154259162
        7.6535453302        0.9874648305
        7.7058474633        0.5321852067
        7.7581495964        1.5129668503
        7.8104517294        2.4504671208
        7.8627538625        2.6364627857
        7.9150559955        2.8618415769
        7.9673581286        3.2052844792
        8.0196602617        2.9374558358
        8.0719623947        2.2150846439
        8.1242645278        2.2980658950
        8.1765666609        2.2811936013
        8.2288687939        2.3799038621
        8.2811709270        2.4760620219
        8.3334730600        2.0988682253
        8.3857751931        1.8391749530
        8.4380773262        1.4524923024
        8.4903794592        1.4072069659
        8.5426815923        1.3835787959
        8.5949837253        1.0800657792
        8.6472858584        0.6858256265
        8.6995879915        0.2733000926
        8.7518901245        0.0000000000
        8.8041922576        0.0000000000
        8.8564943907        0.0000000000
        8.9087965237        0.0000000000
        8.9610986568        0.0000000000
        9.0134007898        0.0000000000
        9.0657029229        0.0000000000
        9.1180050560        0.0000000000
        9.1703071890        0.0000000000
        9.2226093221        0.0000000000
        9.2749114552        0.0000000000
        9.3272135882        0.0000000000
        9.3795157213        0.0000000000
        9.4318178543        0.0000000000
        9.4841199874        0.0000000000
        9.5364221205        0.0000000000
        9.5887242535        0.0000000000
